-8.815058823829744483e+00
-8.710935639628903715e+00
-8.709810503147418004e+00
-8.465877939280396447e+00
-8.766166816362540359e+00
-8.862746378198464114e+00
-8.704631849416859524e+00
-8.762320733841612252e+00
-8.654855696401909881e+00
-8.833636467847782114e+00
-9.057814533542934754e+00
-8.516558009746225011e+00
-9.758938625520441335e+00
-8.617477114300529095e+00
-8.715414653341557738e+00
-8.724721743168769805e+00
-8.588602367409519545e+00
-8.589921227219285527e+00
-1.028515751709733372e+01
-9.938573781199336210e+00
-8.630079026844359902e+00
-8.901428886602358759e+00
-8.920116884564615489e+00
-9.906348476502515155e+00
-8.976690155791263948e+00
-8.665600783667981588e+00
-8.182972606141209582e+00
-9.856127220736979666e+00
-8.699477792596171710e+00
-8.979125195897248446e+00
-1.008327485991441641e+01
-8.962201977451808688e+00
-8.945855292264193181e+00
-9.670002015251281335e+00
-8.904974015389857556e+00
-8.833960431552057457e+00
-8.959917909314533802e+00
-9.819569836913181859e+00
-8.830560117928470731e+00
-8.998849552058130641e+00
-8.814143203852955466e+00
-8.796555689961461866e+00
-8.896510333437145590e+00
-8.835504496110230477e+00
-8.780123568642881793e+00
-8.362302612120577905e+00
-8.934291607355339337e+00
-8.804743613879942643e+00
-8.688435629596606091e+00
-8.740540338999782222e+00
-8.862783713651362305e+00
-8.834528033388789225e+00
-8.530689485363424751e+00
-8.669726425476147469e+00
-8.801167346672496450e+00
-8.848882066691837522e+00
-9.827590069198301137e+00
-1.010113524550658148e+01
-9.914337982355046819e+00
-8.727606645888265291e+00
-8.699815845420905802e+00
-8.597610707189222268e+00
-8.934558392193029164e+00
-1.022372507797490471e+01
-8.659391381527681730e+00
-8.918014133312155423e+00
-8.651636498050521595e+00
-9.057642853342095179e+00
-8.852178653182916079e+00
-8.792285939339510747e+00
-8.916393563890606444e+00
-8.764726169519008181e+00
-8.894493792060595538e+00
-8.680702869081832418e+00
-8.608823205714958959e+00
-9.607507060924040942e+00
-8.901891806647405758e+00
-8.684622320646010252e+00
-8.893231658974144693e+00
-8.758441524839541970e+00
-8.874462418440410616e+00
-8.841057904672020129e+00
-8.841308865474456269e+00
-8.889473900577476329e+00
-8.893822893325268097e+00
-8.898093825917790411e+00
-8.547631110132186905e+00
-8.753863948992197663e+00
-8.455283305354942769e+00
-8.581055993960557515e+00
-1.004142811442478767e+01
-8.883523753839234871e+00
-8.769321860938431357e+00
-1.020984204058068201e+01
-8.675603495690719313e+00
-8.825348468624270026e+00
-1.010684884814333273e+01
-8.869343451306903603e+00
-8.575905655595086330e+00
-8.733618606083233260e+00
-8.660219224767605084e+00
-8.898664137937178253e+00
-8.845441756357868002e+00
-8.747060033643792920e+00
-8.837422771033274671e+00
-8.767342071823692962e+00
-8.726195442133953151e+00
-8.831768901436644725e+00
-8.305130827244862957e+00
-8.609515382351604629e+00
-8.598569925610453524e+00
-8.714451116755109084e+00
-8.874441872946146503e+00
-8.715659850173533840e+00
-8.498139453127041776e+00
-8.606212770785958810e+00
-9.051000380125524103e+00
-8.429463441681193103e+00
-8.799833152603291353e+00
-8.576662870819532714e+00
-8.979000849140099660e+00
-8.842427092963113466e+00
-8.646959194230468881e+00
-8.776690504467790532e+00
-8.717185842091090819e+00
-8.861722561540924303e+00
-9.683810772489794161e+00
-8.611145059800740853e+00
-8.810463442496239139e+00
-9.127530631849920084e+00
-9.046492754217396737e+00
-7.175751034406451012e+00
-8.827462542609854523e+00
-8.704603108690855962e+00
-8.678335759689277396e+00
-8.850608282611995392e+00
-8.733319122894428688e+00
-8.778168330642932560e+00
-9.139095431426550675e+00
-8.620926898424702500e+00
-8.981854587947545099e+00
-8.826232170677490885e+00
-8.662558191361773297e+00
-8.597901222019944001e+00
-8.945830724474465256e+00
-8.765270706717366522e+00
-8.871214800471420858e+00
-8.740530363663259195e+00
-8.859155698289292502e+00
-1.011572292324383504e+01
-8.827633858485423701e+00
-8.808988771526786721e+00
-8.892745159578323566e+00
-8.592768464517464011e+00
-8.842172026385846095e+00
-8.891788973907544857e+00
-8.791317820753166146e+00
-8.607535584358343428e+00
-8.451983880067114541e+00
-8.669439628910895479e+00
-8.895940980651293017e+00
-8.731566238228491983e+00
-8.912619863271553200e+00
-8.371875388900116732e+00
-8.738429170864177919e+00
-8.318393513880174339e+00
-9.049732240570527608e+00
-8.680743499983082145e+00
-9.090236547711503690e+00
-8.412389424260634740e+00
-8.794377534486111259e+00
-9.399630413938391271e+00
-9.015377586361534412e+00
-8.963473388715467394e+00
-9.035920376533216114e+00
-8.865666812036742783e+00
-8.888637635895182854e+00
-8.690698279230367973e+00
-8.900089104146177377e+00
-8.785147860304288514e+00
-8.906995479322786124e+00
-8.897085103383616911e+00
-8.464581960037872221e+00
-8.913719456055037682e+00
-8.781456448015070748e+00
-8.996388209538679348e+00
-8.792343840548340950e+00
-8.982990865278983605e+00
-9.920070623591090708e+00
-8.834731436966805518e+00
-8.797097473856480221e+00
-8.760816770372683138e+00
-8.412408184646348985e+00
-8.430360010466221965e+00
-7.946321570528955824e+00
-8.702294590219358028e+00
-9.094317643610903446e+00
-8.632952634768161104e+00
-9.783669832875821371e+00
-8.681027630913208171e+00
-9.462393797093490377e+00
-8.722517961420258814e+00
-8.681327280389433909e+00
-9.022900194083023351e+00
-9.837965601486192924e+00
-8.582286157990992592e+00
-1.010527936179285646e+01
-8.823377764963643344e+00
-8.697354115447669898e+00
-8.620997711383873607e+00
-8.678851428092208664e+00
-8.996425191338461858e+00
-8.615688566532737624e+00
-8.669663709022112030e+00
-9.060805572732199664e+00
-7.556530692467205768e+00
-9.033305871907959528e+00
-8.797335973696526423e+00
-8.807296484343096310e+00
-1.024016648141506280e+01
-8.709564379057407990e+00
-8.687258597188007414e+00
-8.598605710858318929e+00
-8.417096258946447307e+00
-8.756587249610827683e+00
-9.793185101743617338e+00
-9.873227842010802391e+00
-8.791821171954319780e+00
-8.721703672367585369e+00
-8.352881635178055930e+00
-8.634484945988745608e+00
-8.882336897328022118e+00
-8.980712284888218377e+00
-8.680436415778851611e+00
-8.955780685389685303e+00
-8.661711658339910969e+00
-8.667305746893521956e+00
-8.855386192478800211e+00
-8.998418807817937903e+00
-8.791951954464421348e+00
-8.511452860185814373e+00
-8.632350693093503224e+00
-9.908320601469544187e+00
-9.022077841308426827e+00
-8.621240250062466970e+00
-9.010430515955587083e+00
-8.751034427451488185e+00
-8.972024006468144464e+00
-8.843017051731992595e+00
-9.993714525608179855e+00
-8.677503216162953947e+00
-8.863716744791156898e+00
-8.552681147818665508e+00
-8.642502676295219288e+00
-8.814830995592043195e+00
-9.061893936169974850e+00
-8.898199521684096780e+00
-8.899244866214290894e+00
-8.968943164624084474e+00
-8.775316435411355087e+00
-8.637580543240948927e+00
-8.451174923323849342e+00
-9.078878720922354262e+00
-1.004835986306794027e+01
-8.407931386513865846e+00
-8.801521213669460053e+00
-8.568609346777126490e+00
-8.869116007223917464e+00
-8.693432837056462859e+00
-8.865242443499825598e+00
-8.761462511556558752e+00
-9.987206904306667354e+00
-8.859327494883434184e+00
-8.610945313397238010e+00
-8.175721492956036229e+00
-8.250164965414874985e+00
-8.607682321168732997e+00
-8.894559452983349601e+00
-8.327639088306776571e+00
-8.764190986370875791e+00
-8.874283890594767854e+00
-8.618670614470365976e+00
-9.146439899966997800e+00
-8.872567694875648669e+00
-8.827470535976358335e+00
-8.404611980474356869e+00
-8.715907056340444825e+00
-8.706428117530373711e+00
-8.531916638150239152e+00
-8.799758055276871715e+00
-8.140969352516094659e+00
-8.794413343796001925e+00
-9.788098207141093354e+00
-8.977256483881678406e+00
-8.454602701705802303e+00
-9.900841582045105227e+00
-8.677009879024916827e+00
-8.380666633409985522e+00
-8.806419762822175201e+00
-8.909805722787465854e+00
-8.807080898241693490e+00
-8.239411557759604321e+00
-8.896803194728326147e+00
-8.349680740813880675e+00
-8.835812414107062196e+00
-8.832079476030482823e+00
-8.748303688666245748e+00
-8.445550838397924309e+00
-8.876495565806793664e+00
-8.577225316903440699e+00
-8.606686977722663556e+00
-8.782635438776958736e+00
-8.928395726959619694e+00
-8.577647267950911925e+00
-8.677453133465771629e+00
-8.966136691131287861e+00
-8.945958087360661892e+00
-9.899896961983852606e+00
-8.709810260149712491e+00
-8.416438921602637180e+00
-8.724410385769614251e+00
-9.014224183886796027e+00
-8.449626850665625355e+00
-1.022659118669262313e+01
-8.690531752703599011e+00
-8.590646776958431374e+00
-8.413727646705503105e+00
-8.110842984438376035e+00
-8.420216616379356367e+00
-8.224987099757765208e+00
-8.979701893500033449e+00
-8.751004807547168696e+00
-8.351250444290407415e+00
-9.006444966290001020e+00
-8.323556959872600913e+00
-9.092983145456287275e+00
-8.857410395137387482e+00
-7.638860648657835206e+00
-8.744025536224324213e+00
-8.297279983945040627e+00
-8.834558456316143449e+00
-8.803109089701029788e+00
-8.878296377542714168e+00
-8.345987634237516772e+00
-8.712286396549682621e+00
-9.817827833069841859e+00
-8.649836125973164869e+00
-8.499770304449993930e+00
-9.599132248856950156e+00
-1.010885949479833279e+01
-8.852797711237329281e+00
-8.481864075080538967e+00
-8.855989145636494086e+00
-8.216132885681544096e+00
-1.020393387444146072e+01
-8.440609408491889454e+00
-8.897190734575264770e+00
-8.625134869482074862e+00
-8.594253135871134930e+00
-8.547542107004872491e+00
-8.710740385331783742e+00
-8.936987349540110870e+00
-8.704567415649885120e+00
-8.519179160413276719e+00
-8.746265832655446104e+00
-8.441290718223957157e+00
-1.016202259942395081e+01
-8.451491252311779334e+00
-8.491241189174250081e+00
-8.510658562962609253e+00
-8.406083707990790188e+00
-8.189194916273837777e+00
-8.704434656313825514e+00
-8.401459069470321950e+00
-8.258099524616776321e+00
-8.507716285506267795e+00
-8.656778291696323180e+00
-8.304502483466997376e+00
-8.777920952539307820e+00
-8.937164814518549605e+00
-8.722312094393789295e+00
-8.291229895759542501e+00
-9.848308968579653211e+00
-8.384979227664436152e+00
-8.522518369571859154e+00
-8.483666526809001240e+00
-8.345987405324057917e+00
-9.817392268039924375e+00
-8.117989409765673514e+00
-8.860120228838875178e+00
-8.646965577375231859e+00
-8.617171922603013456e+00
-8.684147314984990373e+00
-8.823192003734034117e+00
-9.188180900387143524e+00
-8.449362073944600482e+00
-8.887034205449406699e+00
-8.852327903757238658e+00
-8.433371892430349348e+00
-8.356546678710529363e+00
-8.308967388914265229e+00
-8.822359045340997241e+00
-8.362952840434601853e+00
-8.724308788263954284e+00
-8.887098525218428691e+00
-1.010741328196110267e+01
-9.016390397129679712e+00
-8.462660027508261962e+00
-8.224921688901222439e+00
-8.959177473000208280e+00
-8.823858017758150041e+00
-8.504514493826260235e+00
-8.990478750469721447e+00
-9.893641953124442168e+00
-8.910671489757607588e+00
-8.791440617376510502e+00
-7.485686789624182325e+00
-8.892479869727822006e+00
-8.916279891242536948e+00
-8.383947259771305838e+00
-8.867794724207140433e+00
-8.815589641079386141e+00
-8.643777890334844116e+00
-8.643664566437927022e+00
-8.983649884610894532e+00
-8.643076567941941235e+00
-8.081291908455147777e+00
-8.848248544670607174e+00
-8.091671101299406033e+00
-8.677704008927303647e+00
-8.326682348000602474e+00
-8.935962912182795037e+00
-8.718370880273084822e+00
-8.776211245932563187e+00
-8.835527350185804707e+00
-8.593635294103918909e+00
-8.782527028556190274e+00
-8.470169286309088719e+00
-8.862100919742921690e+00
-8.349541763831862085e+00
-9.065469671256179751e+00
-1.009895576013077267e+01
-8.467297113269262709e+00
-8.851209988712383847e+00
-8.315220906833378223e+00
-8.645949359860381378e+00
-8.793579423946049189e+00
-8.411815790082204813e+00
-8.224535133059173830e+00
-8.700177295201852345e+00
-8.426231719798911612e+00
-8.447919199247824196e+00
-8.395840798149031059e+00
-8.475039460961030002e+00
-8.175174638037804087e+00
-9.060399500940098605e+00
-8.564230435746519987e+00
-9.778026994502605262e+00
