-6.08041
-6.11238
-6.11733
-6.25512
-6.31509
-6.26158
-6.16815
-6.23285
-6.06948
-6.22009
-6.18653
-6.19045
-6.12599
-5.84672
-6.23585
-6.21094
-6.28166
-5.89041
-6.00103
-6.20811
-6.04845
-5.99319
-6.16724
-6.26904
-6.12252
-6.25585
-5.77244
-5.95515
-6.11993
-5.86755
-6.14731
-6.22232
-6.16879
-6.23829
-6.17093
-6.195
-6.19827
-6.19754
-6.14225
-6.24478
-6.15358
-6.13275
-6.01719
-5.4542
-5.92192
-6.18369
-6.16383
-6.16104
-6.25081
-6.21203
-5.851
-6.20204
-6.17795
-6.229
-6.12301
-6.1864
-6.01137
-6.24089
-6.20074
-6.13886
-6.16695
-6.22131
-5.85912
-6.22352
-6.15476
-5.98593
-6.16695
-6.21288
-6.2176
-6.10754
-6.12969
-6.16705
-6.19863
-6.14276
-6.21536
-6.14601
-6.14535
-6.18261
-5.86072
-6.20848
-6.11249
-6.17315
-6.16689
-5.87182
-6.12033
-6.1502
-6.06494
-6.18251
-6.09225
-6.16831
-6.13157
-5.93167
-6.16267
-5.97596
-6.17577
-6.063
-6.20879
-5.67982
-6.12523
-6.02148
-6.27906
-6.21988
-6.17601
-6.05516
-6.25795
-5.51466
-6.25107
-6.13787
-6.22497
-6.24656
-6.16296
-6.15246
-5.68055
-5.91395
-6.04055
-6.05945
-6.17412
-6.16593
-6.15461
-6.20412
-6.08145
-6.19146
-6.03507
-6.20143
-5.96493
-6.10537
-6.07135
-6.09471
-6.17687
-6.21709
-6.18947
-5.87802
-6.11909
-6.1498
-6.17814
-6.17541
-6.25717
-5.52859
-5.7919
-6.15129
-6.19247
-6.16523
-6.11582
-6.07113
-6.16832
-6.20264
-6.21278
-6.0891
-6.13649
-6.11099
-6.14818
-6.18334
-6.29237
-6.14301
-6.13071
-6.25122
-5.98819
-6.24249
-6.2471
-6.0858
-5.87909
-6.26969
-6.04986
-6.25234
-5.2468
-6.15465
-6.18165
-6.25879
-5.99651
-6.10066
-6.25183
-6.25658
-6.15568
-6.10505
-6.19016
-6.11056
-6.1314
-6.20332
-6.10849
-6.09965
-6.13973
-6.00892
-6.20259
-6.14169
-6.1437
-6.05035
-6.17912
-6.12674
-6.254
-5.57285
-6.07426
-6.13187
-6.27858
-6.052
-6.18776
-5.83335
-6.04514
-6.26342
-5.72651
-6.20132
-6.17679
-5.85337
-5.88565
-6.255
-6.21471
-6.19245
-5.92671
-6.17099
-6.20391
-6.12435
-5.96642
-6.04258
-5.40226
-6.10084
-6.14255
-5.95373
-6.2337
-6.09832
-6.05928
-6.12861
-6.20682
-5.89577
-5.95204
-6.21736
-6.22666
-6.19305
-6.16257
-6.23644
-6.07314
-6.10469
-6.05718
-6.24485
-6.14911
-6.07592
-6.90188
-6.1342
-6.22185
-6.20268
-6.20833
-6.14194
-6.0578
-6.15907
-6.21092
-6.14626
-6.09477
-6.08689
-6.29163
-6.20438
-6.22466
-6.21936
-6.15831
-6.05763
-5.79313
-6.14431
-6.14672
-6.0483
-6.25335
-6.22348
-6.17723
-6.21913
-6.21917
-6.19074
-6.10895
-6.20075
-5.90498
-6.13512
-6.21503
-6.29407
-6.17212
-6.16116
-6.13857
-5.98602
-6.15695
-6.14195
-6.1168
-6.11771
-6.22188
-6.13223
-6.04195
-6.13295
-6.15741
-6.14352
-6.19123
-5.7712
