-9.87341
-10.1147
-9.85025
-9.82154
-9.53531
-10.011
-9.92401
-9.89289
-10.0281
-9.78857
-9.83718
-9.36827
-10.102
-9.73276
-9.85819
-10.0761
-10.1239
-9.70696
-9.70163
-9.64868
-9.34523
-9.99361
-10.1618
-10.0261
-9.97288
-9.93346
-9.88709
-10.2247
-9.65761
-9.75767
-9.082
-9.74897
-10.2205
-10.2387
-9.93341
-9.55354
-9.71904
-10.1143
-9.9345
-9.73395
-9.3965
-9.74637
-10.1052
-10.0181
-10.2405
-9.97226
-9.68062
-9.654
-9.99482
-9.56166
-9.76524
-9.88667
-9.93167
-10.0245
-10.0695
-10.0155
-10.1106
-9.36362
-9.85487
-9.82112
-9.95832
-9.96105
-9.9759
-9.76838
-9.20954
-9.96365
-9.82204
-10.1482
-9.69128
-9.8182
-9.89261
-9.31343
-10.1571
-10.2505
-9.41033
-10.0024
-9.66179
-9.54522
-9.5726
-9.98354
-9.58546
-9.99455
-9.61196
-10.0457
-9.98569
-9.70326
-9.96284
-9.7941
-10.0447
-9.88806
-9.54275
-9.30144
-9.81248
-9.77141
-9.41294
-9.92833
-10.0853
-10.2253
-9.50984
-9.76912
-10.3554
-10.0106
-10.2221
-9.78835
-9.33272
-9.69494
-9.73696
-10.0687
-9.87343
-9.71771
-9.89275
-9.93318
-9.61856
-9.49198
-10.0941
-9.50157
-10.0814
-10.0274
-10.1507
-9.31996
-9.8464
-10.0007
-9.80183
-10.0036
-9.79719
-9.83741
-9.93008
-9.91993
-10.1909
-9.6134
-9.96931
-9.9017
-9.99272
-9.88946
-9.96857
-9.32069
-9.97507
-9.62458
-9.98812
-9.94365
-9.79207
-9.22513
-9.89769
-10.09
-9.6565
-9.80181
-9.7835
-10.1509
-9.71617
-10.0648
-9.41367
-9.7769
-9.87908
-10.1263
-10.0857
-10.0721
-10.2185
-10.0168
-9.9512
-9.8878
-10.1779
-9.51768
-10.0418
-9.69745
-9.89699
-9.87113
-10.0549
-10.0062
-9.53817
-9.35609
-9.80079
-10.0596
-9.69321
-9.65152
-9.94126
-10.0695
-9.72747
-9.86571
-9.94344
-10.2595
-9.54302
-9.73321
-9.98198
-9.38198
-9.6705
-9.46554
-9.73432
-9.7294
-9.15541
-9.57286
-10.1825
-9.94773
-9.70607
-9.50707
-9.22938
-9.59674
-10.228
-9.99416
-9.42177
-10.0716
-9.54296
-9.91386
-9.60835
-9.64844
-9.13519
-9.37838
-9.83995
-9.28088
-9.98262
-9.80737
-9.82914
-9.83777
-9.96804
-9.70521
-10.0828
-9.74278
-9.37179
-9.62691
-10.0163
-9.81162
-10.5618
-10.0434
-9.98202
-9.56975
-10.0248
-9.32039
-9.6982
-9.70554
-9.90762
-9.91651
-9.42441
-9.39224
-9.72465
-9.62832
-9.7022
-9.95329
-9.87387
-10.0431
-9.61893
-9.97553
-9.98174
-9.84226
-9.84609
-9.42851
-9.92986
-9.80931
-10.0501
-9.39885
-10.0845
-10.1579
-9.30374
-9.98167
-9.49728
-9.9637
-9.52106
-10.2099
-9.77121
-9.83211
-9.60498
-9.64195
-9.756
-9.60499
-9.64835
-10.0639
-9.44072
-9.72761
-9.64962
-9.72147
-9.09807
-10.0389
-10.121
-9.43213
-9.90035
-9.94581
-9.78405
-9.53977
-9.89091
-9.67952
-9.76734
-9.78137
-9.37178
-9.7847
-9.65887
-10.0067
-9.86972
-9.97488
-10.0949
-9.79648
-9.32966
-9.54361
-9.72758
-10.1698
-10.0244
-9.62584
-10.0427
-9.71678
-9.87514
-9.87711
-10.0298
-9.93338
-9.75724
-10.0705
-9.43461
-9.30733
-10.03
-9.95682
-9.90447
-9.90396
-9.51766
-9.73101
-9.87895
-10.1307
-10.157
-9.70867
-10.1372
-10.0327
-9.89384
-9.98181
-10.0295
-9.97628
-9.82849
-10.0805
-10.0617
-9.72176
-9.82451
-9.61549
-9.90016
-9.66395
-9.17977
-9.65711
-9.96092
-8.99903
-10.0565
-9.89968
-9.78807
-9.76012
-9.62569
-9.77612
-9.84808
-9.75375
-10.1638
-10.0244
-9.83341
-9.98049
-10.1145
-9.52065
-9.73887
-9.58004
-9.43696
-9.41668
-9.95262
-9.83029
-9.67126
-9.53646
-9.88642
-9.76714
-9.75501
-9.59174
-9.39378
-9.67018
-9.68644
-9.68308
-9.05652
-9.71186
-9.25288
-9.51764
-9.80633
-9.91426
-9.47783
-9.49159
-9.49169
-9.92383
-10.0148
-9.77377
-10.0417
-10.1321
-9.23696
-9.94424
-10.1077
-9.46357
-9.85531
-9.51037
-9.88072
-9.44809
-9.62164
-10.0106
-10.1676
-10.0311
-9.28606
-10.0306
-9.72073
-9.87803
-9.65043
-9.55992
-9.76684
-10.1928
-10.5449
-9.79212
-9.84381
-9.96504
-9.82144
-9.8043
-10.1331
-9.75809
-9.92011
-9.26049
-9.92189
-9.34835
-10.1401
-9.61679
-9.93606
-10.6202
-10.0749
-9.47279
-9.67311
-9.99074
-9.77752
-9.58684
-10.0448
-10.0032
-10.081
-9.91724
-9.94111
-9.81666
-9.02539
-10.0578
-9.91149
-9.61732
-9.58247
-9.77517
-10.0293
-9.95099
-10.0708
-9.59585
-9.9449
-9.66211
-9.71467
-9.64803
-9.78243
-9.72445
-10.0703
-9.6686
-9.97224
-9.9717
-9.535
-10.0295
-9.56812
-9.93363
-9.86725
-9.92386
-10.1043
-9.74358
-9.12964
-10.0096
-9.86109
-9.55704
-9.81898
-9.67595
-9.62711
-10.1521
-10.0788
-10.3959
-9.56249
-9.32857
-9.2577
-10.3263
-9.74707
-10.0452
-9.42766
-9.6599
-9.55961
-9.57409
-9.76403
-10.0652
-9.338
-9.44352
-9.8778
-9.90721
-10.0248
-9.84513
-9.87032
-9.50293
-10.1838
-9.55378
-9.63923
-9.58484
-9.93502
-9.96732
-9.81802
-9.87942
-9.65878
-9.87031
-9.72433
-9.85287
-10.053
-9.9052
-9.74664
-10.0936
-9.50216
-9.89585
-10.0804
-9.87994
-10.0625
-9.9583
-9.89302
-9.56949
-9.83936
-9.50034
-9.40566
-9.9284
-9.89316
-10.1282
-10.07
-10.0724
-9.07986
-10.0577
-10.0626
-10.0225
-9.79375
-9.77044
-9.17536
-9.76968
-9.91105
-9.59655
-10.2133
-9.96693
-9.66205
-9.73717
-9.24456
-10.0326
-9.6658
-9.90954
-10.1022
-9.7983
-9.73589
-9.49918
-9.84061
-10.7
-10.2304
-9.36827
-9.95956
-9.74647
-10.0487
-9.853
-10.0348
-10.0746
-9.42212
-9.93079
-10.0122
-10.0854
-9.51432
-9.34219
-9.7566
-9.93684
-9.62268
-9.76999
-10.3735
-10.1606
