-8.815058819501755849e+00
-8.710935630438326527e+00
-8.709810493542487819e+00
-8.465877966311891711e+00
-8.766166812166620304e+00
-8.862746385544111760e+00
-8.704631843991345264e+00
-8.762320726202959875e+00
-8.654855703066715478e+00
-8.833636475250898457e+00
-9.057814531781081868e+00
-8.516558049580849499e+00
-9.758938625149577106e+00
-8.617477128460928171e+00
-8.715414654564240138e+00
-8.724721720683008996e+00
-8.588602366545392996e+00
-8.589921230212977932e+00
-1.028515751711985793e+01
-9.938573779475692760e+00
-8.630079032348962897e+00
-8.901428874868479113e+00
-8.920116875652484012e+00
-9.906348475575530443e+00
-8.976690153369132119e+00
-8.665600773862054851e+00
-8.182972643795990209e+00
-5.351198432964593188e+00
-9.856127220860832594e+00
-8.699477800195358768e+00
-8.979125210515526589e+00
-1.008327485959113190e+01
-8.962201972216604418e+00
-8.945855279206018196e+00
-9.670002016333583583e+00
-8.904974028935372488e+00
-8.833960431200864605e+00
-8.959917905683841610e+00
-9.819569837017526837e+00
-8.830560113828399338e+00
-8.998849567648187886e+00
-8.814143209358036302e+00
-8.796555689355772145e+00
-8.896510324552142635e+00
-8.835504488752603081e+00
-8.780123562792306657e+00
-8.362302569957034137e+00
-8.934291600104293352e+00
-8.804743619028219115e+00
-8.688435618287265072e+00
-8.740540339589196961e+00
-8.862783705231652931e+00
-8.834528031742813425e+00
-8.530689484844643289e+00
-8.669726429900386222e+00
-8.801167330153338852e+00
-8.848882090957898683e+00
-9.827590069009351836e+00
-1.010113524411391062e+01
-9.914337983051282777e+00
-8.727606618985484843e+00
-8.699815848935360307e+00
-8.597610738734536184e+00
-8.934558390731407229e+00
-1.022372507737327396e+01
-8.659391375710297822e+00
-8.918014129115917399e+00
-8.651636488673782210e+00
-9.057642842038339026e+00
-8.852178651369882800e+00
-8.792285950260843919e+00
-8.916393571990463229e+00
-8.764726176149538972e+00
-8.894493807067970437e+00
-8.680702864826219667e+00
-8.608823195974443010e+00
-9.607507061522536418e+00
-8.901891803359276878e+00
-8.684622301654856713e+00
-8.893231645711511035e+00
-8.758441530394032171e+00
-8.874462405484639049e+00
-8.841057902758572951e+00
-8.841308873634467602e+00
-8.889473899434296555e+00
-8.893822892101937327e+00
-8.898093827375708642e+00
-8.547631115575679672e+00
-8.753863950825103046e+00
-8.455283293231273589e+00
-8.581055994895294248e+00
-1.004142811449325734e+01
-8.883523731548411462e+00
-8.769321858150920690e+00
-1.020984204082339453e+01
-8.675603495914279151e+00
-8.825348470139269708e+00
-1.010684884866799749e+01
-8.869343432391318061e+00
-8.575905658485364569e+00
-8.733618605453731476e+00
-8.660219220817479524e+00
-8.898664133381680941e+00
-8.845441753153588493e+00
-8.747060016065679733e+00
-8.837422774236447509e+00
-8.767342084927626900e+00
-8.726195438186486797e+00
-8.831768894090146205e+00
-8.305130778357025179e+00
-8.609515376011465548e+00
-8.598569926189552959e+00
-8.714451135194893894e+00
-8.874441873646102152e+00
-8.715659869872425247e+00
-8.498139457596852964e+00
-8.606212754980782975e+00
-9.051000374369333912e+00
-8.429463400771251003e+00
-8.799833141900055722e+00
-8.576662879489845182e+00
-8.979000850287317093e+00
-8.842427092677199951e+00
-8.646959194031465401e+00
-8.776690503784248421e+00
-8.717185839389758328e+00
-8.861722558616639489e+00
-9.683810770712510063e+00
-8.611145078838832845e+00
-8.810463438852393026e+00
-9.127530634180175184e+00
-9.046492738749856599e+00
-7.175750987291560357e+00
-8.827462538350520305e+00
-8.704603108474845641e+00
-8.678335769977154612e+00
-8.850608306775606948e+00
-8.733319132219685699e+00
-8.778168346083907281e+00
-9.139095443380709227e+00
-8.620926854478868862e+00
-8.981854583035959294e+00
-8.826232188741993667e+00
-8.662558194484260454e+00
-8.597901232478694311e+00
-8.945830722310633476e+00
-8.765270694290478559e+00
-8.871214807095125110e+00
-8.740530364325934443e+00
-8.859155690663524041e+00
-1.011572292406181539e+01
-8.827633874391372260e+00
-8.808988770699267334e+00
-8.892745169569387542e+00
-8.592768463635518827e+00
-8.842172049208310014e+00
-8.891788975271474271e+00
-8.791317814496302674e+00
-8.607535563062546302e+00
-8.451983870648355435e+00
-8.669439641649171691e+00
-8.895940984188975165e+00
-8.731566236079737919e+00
-8.912619869973346098e+00
-8.371875394833132589e+00
-8.738429156280457022e+00
-8.318393520175249023e+00
-9.049732241160562296e+00
-8.680743500575118787e+00
-9.090236534891477760e+00
-8.412389426414906168e+00
-8.794377513957936543e+00
-9.399630413845626364e+00
-9.015377579430113641e+00
-8.963473392039770005e+00
-9.035920376567682766e+00
-8.865666806904462405e+00
-8.888637652246195842e+00
-8.690698282283094045e+00
-8.900089095431750863e+00
-8.785147866154966678e+00
-8.906995475612385249e+00
-8.897085095373681085e+00
-8.464581979389238953e+00
-8.913719441630123086e+00
-8.781456449391194852e+00
-8.996388218638344370e+00
-8.792343847973548066e+00
-8.982990859979114617e+00
-9.920070624699750539e+00
-8.834731426031872559e+00
-8.797097479043292978e+00
-8.760816783078935188e+00
-8.412408190095835181e+00
-8.430360009218052397e+00
-7.946321563976539437e+00
-8.702294626579540449e+00
-9.094317632199773627e+00
-8.632952628610288670e+00
-9.783669835555889094e+00
-8.681027639379344407e+00
-9.462393797080949298e+00
-8.722517962020994275e+00
-8.681327281160799103e+00
-9.022900196313750953e+00
-9.837965601642865821e+00
-8.582286200038064194e+00
-1.010527936201545351e+01
-8.823377783102090532e+00
-8.697354114319933771e+00
-8.620997708231252332e+00
-8.678851428367897469e+00
-8.996425185151622372e+00
-8.615688585071390904e+00
-8.669663703369895558e+00
-9.060805573562817017e+00
-7.556530574257399380e+00
-9.033305862477055470e+00
-8.797335973671836840e+00
-8.807296476049305767e+00
-1.024016648155793874e+01
-8.709564351181452224e+00
-8.687258600620047844e+00
-8.598605713013968810e+00
-8.417096259381015244e+00
-8.756587244417277205e+00
-9.793185102793881214e+00
-9.873227842298570422e+00
-8.791821158739617559e+00
-8.721703699500501727e+00
-8.352881630324636930e+00
-8.634484960942911513e+00
-8.882336900187542739e+00
-8.980712289465001774e+00
-8.680436426530640404e+00
-8.955780685567281907e+00
-8.661711640893731357e+00
-8.667305748322606362e+00
-8.855386185245491149e+00
-8.998418809454820533e+00
-8.791951945566140125e+00
-8.511452875380953742e+00
-8.632350695186895351e+00
-9.908320602715305014e+00
-9.022077834753456926e+00
-8.621240251751911998e+00
-9.010430509674279165e+00
-8.751034431246289103e+00
-8.972024002843170365e+00
-8.843017053876367939e+00
-9.993714524843779756e+00
-8.677503219878756724e+00
-8.863716752567519563e+00
-8.552681141350863214e+00
-8.642502663412686914e+00
-8.814831004461398223e+00
-9.061893947958134632e+00
-8.898199518899234661e+00
-8.899244850934369566e+00
-8.968943175403756740e+00
-8.775316405157413513e+00
-8.637580542470660205e+00
-8.451174942275649471e+00
-9.078878720819613335e+00
-1.004835986280474280e+01
-8.407931392507151713e+00
-8.801521213064935623e+00
-8.568609348160491024e+00
-8.869116004242123097e+00
-8.693432842344483547e+00
-8.865242444189048499e+00
-8.761462509447643043e+00
-9.987206904235977234e+00
-8.859327500814435652e+00
-8.610945301906125948e+00
-8.175721485753994600e+00
-8.250164971880822762e+00
-8.607682316530524957e+00
-8.894559450063672656e+00
-8.327639082625337252e+00
-8.764190993044707056e+00
-8.874283911214725151e+00
-8.618670621295368761e+00
-9.146439910432393461e+00
-8.872567696536993509e+00
-8.827470536970391635e+00
-8.404611999482067830e+00
-8.715907055071442144e+00
-8.706428118340143740e+00
-8.531916659090546418e+00
-8.799758038708292318e+00
-8.140969397278343678e+00
-8.794413338233994182e+00
-9.788098207304079423e+00
-8.977256487600035584e+00
-8.454602702965789973e+00
-9.900841581785728707e+00
-8.677009892597082441e+00
-8.380666576502044052e+00
-8.806419761517924272e+00
-8.909805719774137600e+00
-8.807080887460291052e+00
-8.239411547376775502e+00
-8.896803189373484244e+00
-8.349680764404624256e+00
-8.835812424542828225e+00
-8.832079460454194120e+00
-8.748303698665191419e+00
-8.445550834179181621e+00
-8.876495549240448923e+00
-8.577225304457277488e+00
-8.606686970079920229e+00
-8.782635455115652690e+00
-8.928395723416514329e+00
-8.577647287503030071e+00
-8.677453139422189210e+00
-8.966136683895641113e+00
-8.945958097239552487e+00
-9.899896962365229314e+00
-8.709810253871143715e+00
-8.416438924979130931e+00
-8.724410423314894913e+00
-9.014224190087952948e+00
-8.449626882708956899e+00
-1.022659118760661912e+01
-8.690531757397440771e+00
-8.590646777627888753e+00
-8.413727635893097911e+00
-8.110842975864605009e+00
-8.420216595854565611e+00
-8.224987082181106857e+00
-8.979701893600049445e+00
-8.751004798750290803e+00
-8.351250424898276847e+00
-9.006444974267743930e+00
-8.323556963724669799e+00
-9.092983151918167195e+00
-8.857410409308085875e+00
-7.638860632491055291e+00
-8.744025520210534808e+00
-8.297279965802465185e+00
-8.834558437350020554e+00
-8.803109088353824774e+00
-8.878296357639957392e+00
-8.345987648301196771e+00
-8.712286394284245006e+00
-9.817827833016327332e+00
-8.649836093131073156e+00
-8.499770298319685224e+00
-9.599132248834170156e+00
-1.010885949608198331e+01
-8.852797704604338236e+00
-8.481864077233810306e+00
-8.855989143356575610e+00
-8.216132899931640310e+00
-1.020393387474318203e+01
-8.440609393557460649e+00
-8.897190723504291299e+00
-8.625134869357161449e+00
-8.594253140602937435e+00
-8.547542106365012771e+00
-8.710740391238259051e+00
-8.936987346057282622e+00
-8.704567387206097351e+00
-8.519179159063247297e+00
-8.746265823724197475e+00
-8.441290702594409723e+00
-1.016202259926419593e+01
-8.451491252930994236e+00
-8.491241182342882610e+00
-8.510658579742649721e+00
-8.406083767722130062e+00
-8.189194841628216537e+00
-8.704434647366300126e+00
-8.401459056373054679e+00
-8.258099540127826543e+00
-8.507716283931143764e+00
-8.656778257599722082e+00
-8.304502491184152291e+00
-8.777920971906699066e+00
-8.937164803311013372e+00
-8.722312095163076151e+00
-8.291229902307843957e+00
-9.848308968652720097e+00
-8.384979247963412874e+00
-8.522518357399365030e+00
-8.483666559456763068e+00
-8.345987471911271882e+00
-9.817392268474826267e+00
-8.117989408699822107e+00
-8.860120205698180484e+00
-8.646965544945484083e+00
-8.617171938623384264e+00
-8.684147325016636998e+00
-8.823192002512572074e+00
-9.188180900836474763e+00
-8.449362059590612262e+00
-8.887034214685359146e+00
-8.852327909723420873e+00
-8.433371914259696567e+00
-8.356546668207766260e+00
-8.308967382207081087e+00
-8.822359047698560275e+00
-8.362952859834365427e+00
-8.724308783013844604e+00
-8.887098543495428160e+00
-1.010741328236603920e+01
-9.016390386674441260e+00
-8.462660031819771334e+00
-8.224921666004517462e+00
-8.959177463282376408e+00
-8.823858015967509516e+00
-8.504514498617497864e+00
-8.990478732753613755e+00
-9.893641953127509936e+00
-8.910671496733797881e+00
-8.791440617697062976e+00
-7.485687308242103377e+00
-8.892479861299122490e+00
-8.916279903433013132e+00
-8.383947243705092589e+00
-8.867794722378476990e+00
-8.815589651102641255e+00
-8.643777909969401207e+00
-8.643664568116774305e+00
-8.983649871559569178e+00
-8.643076543843459802e+00
-8.081291909186502309e+00
-8.848248538374370753e+00
-8.091671065232523219e+00
-8.677704027170893397e+00
-8.326682343867936709e+00
-8.935962908271719130e+00
-8.718370879371613924e+00
-8.776211249333710995e+00
-8.835527341151237835e+00
-8.593635289195034943e+00
-8.782527049661993601e+00
-8.470169280392786604e+00
-8.862100913997881690e+00
-8.349541762569154812e+00
-9.065469675176823117e+00
-1.009895575984477034e+01
-8.467297126789324224e+00
-8.851209979426885255e+00
-8.315220887628251845e+00
-8.645949356492918625e+00
-8.793579427036766205e+00
-8.411815783415487857e+00
-8.224535113857228907e+00
-8.700177299830881950e+00
-8.426231741084041715e+00
-8.447919255437421171e+00
-8.395840837353377495e+00
-8.475039505153695529e+00
-8.175174704611334775e+00
-9.060399497994049867e+00
-8.564230449621396346e+00
-9.778026992414908136e+00
