# grb_name    s2n    total_cnts
00105    206.65785217285156    67539.9375
00109    360.1331787109375    440219.1875
00110    31.107219696044922    60373.94921875
00111    71.73319244384766    65346.8515625
00121    146.85911560058594    121694.515625
00130    310.63885498046875    256862.09375
00133    52.055519104003906    64359.4375
00143    747.6178588867188    1002285.4375
00148    44.71747970581055    87803.140625
00160    105.10811614990234    49847.890625
00179    70.0688705444336    9351.849609375
00211    21.544536590576172    34560.94921875
00214    36.531490325927734    21257.8515625
00219    402.7429504394531    254665.078125
00222    89.93734741210938    76062.484375
00226    243.34901428222656    242447.890625
00228    24.22562599182129    6026.3994140625
00237    24.42180824279785    16995.23046875
00249    932.6375122070312    1033091.875
00257    157.69053649902344    85785.390625
00332    114.17500305175781    50870.8125
00351    151.9782257080078    137828.078125
00394    369.54364013671875    389019.5625
00398    92.0251235961914    42925.0
00404    103.6261215209961    62247.9609375
00408    89.33827209472656    85665.640625
00414    23.67591094970703    3395.06005859375
00451    255.22158813476562    108274.484375
00467    118.14920806884766    33906.703125
00469    136.40472412109375    47605.6796875
00472    25.680110931396484    20067.048828125
00493    42.828033447265625    7645.72998046875
00501    44.130455017089844    9971.2705078125
00503    74.52684783935547    12771.8798828125
00516    51.26603317260742    15211.5087890625
00537    41.54004669189453    6238.98046875
00540    30.52763557434082    7907.359375
00543    223.9414520263672    76151.59375
00548    148.39239501953125    89193.4375
00555    20.44017219543457    1290.0
00563    122.24872589111328    70695.2890625
00577    58.468257904052734    29553.25
00591    45.974178314208984    33540.66015625
00594    31.264240264892578    51450.54296875
00606    72.3455810546875    29414.46875
00647    290.36236572265625    178797.5
00658    74.60106658935547    23155.01953125
00659    159.84048461914062    127576.265625
00660    123.331298828125    33411.765625
00676    312.0919494628906    239647.96875
00678    427.4823913574219    302798.375
00680    43.67103576660156    14035.5390625
00685    21.207223892211914    15640.029296875
00686    29.99994659423828    12069.1298828125
00692    32.64411926269531    24998.53125
00704    61.1065673828125    36380.96875
00711    38.10367965698242    5403.580078125
00752    18.037935256958008    12390.5595703125
00753    23.531869888305664    12998.099609375
00755    21.279708862304688    5197.97998046875
00761    208.2576446533203    187655.453125
00764    66.25154113769531    27781.990234375
00773    82.45222473144531    43269.2109375
00795    69.77497863769531    27245.681640625
00803    55.73427963256836    16360.5908203125
00815    49.706878662109375    21652.58984375
00816    43.013427734375    39947.359375
00820    20.46755027770996    34924.5
00824    32.321632385253906    52880.4375
00825    21.404720306396484    39157.94140625
00829    303.8720397949219    173772.328125
00840    50.402854919433594    16820.52734375
00841    119.94612121582031    51050.25
00867    73.0707015991211    15031.201171875
00869    99.9076156616211    98236.734375
00907    189.4020538330078    211537.640625
00914    77.0200424194336    17027.91015625
00938    63.59114074707031    32645.0390625
00973    352.5677490234375    242029.671875
00999    145.63990783691406    28206.640625
01025    164.05104064941406    40893.5234375
01036    67.87184143066406    91085.328125
01039    81.21800994873047    31179.06640625
01042    45.64152145385742    21025.140625
01046    59.81877136230469    39281.078125
01085    720.1886596679688    614570.3125
01114    99.49195098876953    25142.478515625
01120    28.965730667114258    58233.2109375
01122    378.6821594238281    235095.71875
01126    16.650611877441406    20973.158203125
01141    438.13885498046875    275652.6875
01145    42.52077102661133    7179.4501953125
01148    78.55139923095703    50716.546875
01150    90.93032836914062    66452.421875
01152    17.26284408569336    27151.6328125
01156    127.150390625    134962.5625
01157    253.11354064941406    127667.4375
01159    79.56736755371094    18988.16015625
01190    84.88631439208984    17968.443359375
01196    27.758926391601562    27759.51171875
01197    75.60108947753906    34721.3828125
01200    92.564208984375    44332.6171875
01204    23.795677185058594    4039.579833984375
01218    69.91043853759766    20905.44921875
01235    203.26345825195312    105716.140625
01244    69.229736328125    38642.1484375
01279    56.50080108642578    26244.890625
01288    361.9283142089844    467900.375
01291    60.437496185302734    23439.58984375
01303    61.41078567504883    30003.94921875
01385    310.6698303222656    218020.78125
01390    32.56234359741211    56813.078125
01396    57.36875534057617    27792.4296875
01406    161.23289489746094    73096.78125
01416    44.71153259277344    6734.4892578125
01425    219.1494140625    73923.96875
01432    54.77025604248047    53744.96875
01440    229.04949951171875    134638.046875
01443    91.12600708007812    16391.919921875
01446    28.433467864990234    51066.203125
01447    125.47332000732422    81745.03125
01449    68.21835327148438    36779.015625
01452    33.83012771606445    88031.1953125
01456    35.62946319580078    24321.740234375
01458    35.51521682739258    33495.66015625
01467    142.42417907714844    58207.84375
01468    111.69861602783203    53430.640625
01472    117.38529968261719    46757.94921875
01515    70.4189682006836    37511.73828125
01533    156.62246704101562    158113.78125
01540    49.583221435546875    32449.716796875
01541    733.6006469726562    679855.5
01546    29.21448516845703    4426.26025390625
01552    20.785070419311523    23822.12890625
01559    70.49248504638672    36187.7109375
01561    43.31303024291992    78372.9140625
01567    47.28098678588867    16517.66015625
01574    51.2812385559082    49394.328125
01578    208.66778564453125    98240.1953125
01579    87.2220687866211    37865.671875
01580    56.87164306640625    18635.091796875
01586    76.66958618164062    67884.5625
01590    74.68869018554688    55155.765625
01601    104.41161346435547    53427.109375
01606    527.523681640625    623774.875
01609    447.6286315917969    215445.4375
01614    52.79301834106445    48273.2578125
01623    153.12362670898438    115245.4609375
01625    582.9400024414062    433943.5625
01626    35.91095733642578    5342.68017578125
01628    99.26421356201172    58461.671875
01642    45.411380767822266    32066.599609375
01646    25.521102905273438    28553.3515625
01651    86.607177734375    20624.349609375
01652    314.1658630371094    244904.921875
01653    38.7535285949707    29814.7421875
01655    31.630775451660156    68848.5078125
01656    61.042301177978516    76203.125
01660    57.56060028076172    41795.8984375
01661    25.612428665161133    39715.08984375
01663    725.4116821289062    694857.125
01664    178.47476196289062    46226.47265625
01676    380.8229064941406    342330.875
01683    176.72164916992188    47365.53125
01687    22.321056365966797    38661.09765625
01700    46.630332946777344    10649.6201171875
01701    27.893964767456055    3807.0
01709    266.8221130371094    97767.4765625
01711    307.38323974609375    148888.015625
01712    218.8213348388672    286510.21875
01717    121.02909088134766    37117.07421875
01730    26.442127227783203    46089.4296875
01731    103.30270385742188    41663.234375
01733    141.7579803466797    62518.5546875
01734    50.33463668823242    14355.4697265625
01740    20.564701080322266    39815.1015625
01742    48.91631317138672    37609.16796875
01806    19.88949203491211    20762.740234375
01815    144.9441680908203    72468.140625
01819    52.295894622802734    11792.9296875
01830    21.133953094482422    25051.109375
01883    170.15992736816406    54125.671875
01885    67.63220977783203    43357.9921875
01886    425.526611328125    256612.734375
01922    69.60680389404297    15796.8603515625
01924    54.735107421875    17090.71875
01953    24.081336975097656    1784.8299560546875
01956    137.48072814941406    46404.109375
01967    107.32620239257812    53445.1015625
01974    274.3976745605469    126466.90625
01982    138.1184539794922    85267.84375
01989    252.02769470214844    428806.5
01993    74.40130615234375    56174.65625
01997    198.51612854003906    251381.34375
02018    95.78926086425781    39408.0390625
02019    93.65547943115234    47488.2578125
02035    19.623655319213867    2849.259765625
02037    94.86180877685547    27667.02734375
02041    47.126956939697266    7289.36962890625
02047    40.68912887573242    19042.3515625
02053    59.726707458496094    9135.8798828125
02061    232.11019897460938    286828.875
02067    638.7537231445312    491080.96875
02070    31.977773666381836    15110.5703125
02074    112.88326263427734    132251.765625
02077    66.2896728515625    61925.21484375
02079    15.851632118225098    18003.33984375
02080    286.6053466796875    244854.28125
02081    15.351391792297363    26793.5
02083    609.6519165039062    439094.75
02087    60.58619689941406    11627.978515625
02090    266.013427734375    123972.3828125
02093    55.65519714355469    32691.21875
02102    74.45903778076172    21134.5390625
02106    110.63668060302734    52268.9296875
02110    243.82058715820312    125574.28125
02111    96.107421875    56742.0703125
02112    29.01626205444336    40927.015625
02122    176.02552795410156    134819.90625
02123    163.64144897460938    76717.0390625
02138    506.4364929199219    431838.25
02140    39.513797760009766    21739.541015625
02148    34.893280029296875    25400.62890625
02149    205.9183349609375    197072.375
02151    340.7660827636719    139155.203125
02156    666.9752197265625    1192166.25
02181    46.366004943847656    17865.55078125
02188    56.19245910644531    46048.44921875
02189    29.78346061706543    55141.30859375
02190    129.00347900390625    105770.1796875
02193    191.8995361328125    172407.0625
02197    87.14752197265625    41583.4296875
02203    40.46786117553711    9174.4521484375
02211    89.87950134277344    93656.515625
02213    81.14601135253906    63930.6015625
02219    57.90256881713867    18097.830078125
02228    262.19805908203125    242108.375
02232    138.44879150390625    100542.9609375
02244    33.80376052856445    47614.73828125
02252    50.818843841552734    88915.21875
02253    75.59573364257812    39588.609375
02254    48.421417236328125    8652.580078125
02267    53.518123626708984    17679.08984375
02276    98.501953125    117795.984375
02277    43.140254974365234    41770.36328125
02287    198.81175231933594    354816.65625
02298    64.63761901855469    50940.078125
02304    41.94580841064453    22481.419921875
02306    43.63854217529297    9298.8818359375
02309    65.53553009033203    28571.01953125
02311    231.34829711914062    499129.3125
02315    117.6877670288086    54592.5703125
02316    316.3018493652344    204634.6875
02321    204.66842651367188    94030.9765625
02324    79.96308135986328    67636.2421875
02328    106.40348052978516    75586.8359375
02329    815.5429077148438    797712.9375
02340    80.26554107666016    38627.359375
02344    22.168907165527344    32184.48046875
02345    76.6270751953125    23335.0703125
02346    81.99723815917969    52990.421875
02362    89.16092681884766    17785.890625
02367    57.89036560058594    7538.8095703125
02371    244.9065704345703    114490.90625
02373    20.925508499145508    23148.87890625
02375    37.45018005371094    30162.091796875
02380    55.8762321472168    48187.8515625
02383    121.54637145996094    55736.828125
02387    284.4591064453125    175167.3125
02393    192.5360107421875    61570.7265625
02394    66.82827758789062    65538.9296875
02419    25.99830436706543    25426.66015625
02428    120.03285217285156    64159.00390625
02429    141.27581787109375    109802.703125
02430    26.779464721679688    52662.8515625
02431    296.1733093261719    112010.90625
02432    64.07380676269531    21577.01953125
02435    102.4765396118164    137239.515625
02436    162.4147186279297    101126.3828125
02438    71.9483413696289    26455.0625
02440    40.7032470703125    33833.69921875
02441    16.26313018798828    26614.880859375
02443    102.09737396240234    37276.26953125
02446    148.8995361328125    53988.546875
02447    36.263423919677734    37339.5234375
02450    311.54388427734375    206804.828125
02451    67.02299499511719    38997.109375
02452    109.32452392578125    55733.28125
02453    54.977638244628906    21151.890625
02458    69.35238647460938    13769.970703125
02476    184.55099487304688    114597.078125
02477    78.53767395019531    28760.76953125
02482    98.14613342285156    69251.921875
02484    76.01318359375    26565.7890625
02495    37.91800308227539    30361.55078125
02500    81.26946258544922    92142.0703125
02505    41.22736358642578    33509.6796875
02510    22.459089279174805    28070.33203125
02511    29.99305534362793    15988.2900390625
02519    61.68562698364258    70087.8828125
02522    180.8322296142578    167208.90625
02528    15.069066047668457    9537.330078125
02530    214.5194854736328    295080.25
02533    620.0072021484375    666304.375
02537    425.01983642578125    216674.3125
02541    35.77656555175781    30838.0
02542    115.09906768798828    61390.3046875
02551    19.549549102783203    3956.400390625
02560    44.18098449707031    17366.9296875
02569    26.984943389892578    8593.1298828125
02570    128.1937713623047    49825.43359375
02581    50.931884765625    41084.2109375
02586    198.79946899414062    114460.03125
02589    25.026103973388672    10550.1796875
02593    85.54025268554688    32025.94921875
02600    99.69033813476562    48041.453125
02603    184.6235809326172    95242.625
02606    238.02195739746094    295043.84375
02608    37.76197052001953    47842.22265625
02611    235.9518280029297    62548.390625
02619    86.7640380859375    128695.625
02623    49.32180404663086    10228.259765625
02628    163.70333862304688    49533.9375
02634    78.64620208740234    43301.8515625
02636    33.48637390136719    18015.19921875
02640    34.7668342590332    13185.6904296875
02660    60.17353057861328    26258.33984375
02662    67.25527954101562    25735.900390625
02663    16.427173614501953    14622.228515625
02664    20.982620239257812    23568.451171875
02665    75.83307647705078    27773.3125
02680    399.2958068847656    167869.25
02681    99.76209259033203    63730.515625
02688    56.06145095825195    21764.48046875
02696    124.65176391601562    88918.25
02700    139.47698974609375    122212.15625
02703    147.9908447265625    174770.5
02709    123.60933685302734    65640.109375
02711    89.6513442993164    98360.90625
02719    18.00148582458496    6390.56005859375
02727    19.21295928955078    13629.16015625
02728    66.75211334228516    15990.560546875
02736    103.84390258789062    25135.55859375
02749    43.11827087402344    7924.35986328125
02753    53.23120880126953    25162.4296875
02770    60.43156051635742    85663.6484375
02774    44.68788146972656    30040.80078125
02780    113.04177856445312    79583.453125
02790    257.53570556640625    211155.84375
02793    126.75209045410156    36845.7578125
02797    242.28387451171875    96089.21875
02798    743.715087890625    675640.625
02799    96.60758972167969    22021.3515625
02810    17.393798828125    34204.98046875
02812    230.34017944335938    137074.734375
02831    742.9492797851562    946387.25
02855    479.5749206542969    419242.21875
02857    18.172666549682617    35805.83984375
02862    15.463603973388672    8724.029296875
02863    140.74600219726562    101163.09375
02864    49.52598190307617    22425.41015625
02877    127.37464904785156    133158.515625
02880    79.05999755859375    15781.58984375
02889    316.9335632324219    330406.40625
02890    165.54287719726562    154925.109375
02891    296.6433410644531    172805.765625
02894    173.40122985839844    48995.75
02897    216.89706420898438    134020.671875
02898    27.174245834350586    48223.25
02901    34.36847686767578    13130.6708984375
02913    118.47544860839844    60244.0234375
02916    26.333738327026367    8093.2001953125
02919    189.2406463623047    67477.796875
02922    113.61984252929688    154337.59375
02924    41.541603088378906    50641.671875
02925    44.0498161315918    15797.7890625
02927    41.622894287109375    18312.9921875
02929    334.86962890625    295099.96875
02931    36.18687057495117    17072.05078125
02945    43.88346481323242    6918.47021484375
02948    79.5806884765625    84633.375
02950    65.5375747680664    33680.796875
02951    59.01938247680664    14798.7001953125
02958    102.96078491210938    63553.51171875
02961    38.0928840637207    34464.203125
02984    187.0734405517578    151416.625
02985    34.86464309692383    19040.291015625
02986    56.295223236083984    118922.78125
02988    66.103271484375    7922.7099609375
02993    161.2615203857422    88396.046875
02994    363.1552429199219    255960.59375
02996    16.914020538330078    36107.43359375
02998    63.290157318115234    24412.16015625
03001    99.51293182373047    42528.890625
03003    197.9161376953125    106329.5546875
03005    49.533714294433594    19547.0390625
03011    64.19865417480469    44466.5703125
03012    35.47566604614258    10839.041015625
03015    63.450782775878906    33248.1015625
03017    97.75706481933594    74949.78125
03026    40.25743865966797    12272.5205078125
03028    23.811203002929688    3340.41015625
03029    26.409502029418945    20495.5703125
03032    75.98409271240234    30226.83203125
03035    382.35491943359375    405317.625
03039    180.05099487304688    61457.6015625
03040    73.14212799072266    29237.09375
03042    257.2163391113281    355473.8125
03055    155.5865478515625    101582.71875
03056    161.4140625    77430.1875
03057    1248.3094482421875    1837691.25
03067    486.76104736328125    346256.21875
03070    69.10006713867188    35823.5
03071    63.545188903808594    110837.546875
03074    29.274677276611328    65233.1640625
03075    76.88240814208984    50189.44140625
03076    78.56060791015625    66816.3515625
03080    47.00733947753906    88877.78125
03084    74.89177703857422    27285.259765625
03085    32.79566955566406    8228.189453125
03091    22.840721130371094    42253.66015625
03093    71.18618774414062    65391.09375
03096    93.96379089355469    26605.609375
03099    128.25416564941406    70359.3984375
03101    96.5741195678711    40213.6796875
03102    50.694828033447266    96831.15625
03103    36.430015563964844    28537.2421875
03109    91.5955581665039    54125.015625
03110    154.9110870361328    80698.890625
03115    209.09963989257812    129518.78125
03119    48.65132522583008    32150.791015625
03120    38.44439697265625    18457.259765625
03128    556.9879760742188    545189.25
03129    38.845619201660156    18049.66015625
03131    117.5572280883789    51373.16015625
03132    15.86795425415039    23375.009765625
03135    25.201093673706055    17142.1484375
03138    251.8666534423828    91916.078125
03139    15.812782287597656    31867.7890625
03142    38.46986389160156    17403.859375
03143    71.74223327636719    16551.1796875
03153    30.822399139404297    21682.880859375
03155    53.02067184448242    9933.33984375
03159    28.722537994384766    11385.380859375
03171    44.141212463378906    37695.140625
03177    67.91039276123047    15031.2802734375
03178    420.12261962890625    245110.875
03193    65.04998779296875    40146.1796875
03212    115.96704864501953    55166.87109375
03217    63.058349609375    41754.6484375
03220    75.88184356689453    67096.390625
03227    561.565673828125    513804.90625
03229    19.687692642211914    8381.8896484375
03237    99.14366912841797    42126.78125
03241    389.643798828125    384140.8125
03242    165.58541870117188    57691.953125
03245    807.1892700195312    1088670.75
03246    77.570068359375    49141.3671875
03251    59.16846466064453    40385.5390625
03253    711.2996826171875    759038.8125
03255    257.0852355957031    160892.09375
03256    76.81873321533203    28839.640625
03257    173.88961791992188    102504.75
03267    35.91819381713867    25914.267578125
03269    132.81619262695312    46269.82421875
03279    52.877750396728516    44358.1796875
03280    44.37020492553711    85826.828125
03283    71.29946899414062    27644.48046875
03286    24.554445266723633    50488.33203125
03287    233.8910675048828    137758.5
03290    249.7359161376953    196411.140625
03292    33.39508056640625    32804.0
03294    45.24535369873047    8696.310546875
03301    148.49012756347656    74281.03125
03306    150.27952575683594    196664.78125
03307    56.88005828857422    118388.1875
03319    17.027545928955078    23684.73828125
03320    120.58253479003906    103602.1015625
03322    23.270477294921875    23978.130859375
03330    170.83432006835938    94305.625
03336    111.18331909179688    139964.90625
03339    42.88372802734375    79769.484375
03345    210.71087646484375    100906.734375
03347    57.33781051635742    40042.2109375
03351    97.79096221923828    98880.125
03352    287.0821838378906    271163.0625
03356    67.07038116455078    16331.8017578125
03358    43.20319366455078    20915.130859375
03364    69.80895233154297    38345.03125
03369    70.96302032470703    55194.5546875
03370    18.487743377685547    9773.30078125
03374    17.617887496948242    1396.7301025390625
03405    55.258941650390625    31681.66015625
03407    66.26557922363281    58872.5
03408    605.0567016601562    631229.0
03415    274.071533203125    215631.421875
03416    31.515403747558594    17339.66015625
03436    133.10104370117188    74458.6875
03439    66.74186706542969    79131.171875
03448    172.47354125976562    318339.21875
03458    298.3546447753906    211188.40625
03465    23.526247024536133    55792.05078125
03472    62.63873291015625    20441.91796875
03476    45.434288024902344    97987.953125
03480    214.1505126953125    66405.8984375
03481    312.69842529296875    252264.96875
03485    73.23030090332031    71673.28125
03486    48.24262237548828    39789.828125
03488    61.87677764892578    47590.77734375
03489    263.9384765625    135924.46875
03491    521.5174560546875    339995.375
03493    17.279924392700195    35657.08984375
03503    47.3859977722168    12151.8994140625
03509    62.99009704589844    23132.8984375
03511    51.236114501953125    22069.26953125
03512    159.4161834716797    54804.484375
03514    42.85449981689453    88843.4921875
03516    114.18821716308594    45644.6953125
03523    639.6309204101562    512748.3125
03527    45.768951416015625    11139.3681640625
03528    31.927804946899414    38625.3203125
03552    15.267936706542969    27231.630859375
03567    63.291465759277344    148639.453125
03569    94.80879211425781    22259.431640625
03588    105.88426971435547    95811.9375
03593    204.86065673828125    119687.0234375
03598    83.52521514892578    22060.48046875
03608    80.9594497680664    26127.90234375
03618    136.51626586914062    109721.3203125
03634    118.68903350830078    146522.796875
03637    114.2147216796875    44851.7109375
03648    165.89344787597656    124149.015625
03649    135.3131561279297    48383.56640625
03654    102.90445709228516    44507.9921875
03658    313.55462646484375    154260.59375
03662    130.57704162597656    77370.515625
03663    137.6526336669922    195099.34375
03664    54.61894989013672    43445.44140625
03671    30.509302139282227    8081.63916015625
03709    86.4708480834961    16551.80859375
03711    53.840023040771484    13672.0810546875
03740    40.1588020324707    52531.48046875
03745    50.93007278442383    43670.53515625
03765    423.9075622558594    223393.28125
03766    31.58226203918457    34282.140625
03768    54.332305908203125    25422.859375
03771    44.08565139770508    37915.12109375
03773    23.066070556640625    46961.859375
03776    137.19761657714844    167148.375
03788    341.5567626953125    316036.3125
03801    25.949913024902344    13391.279296875
03805    17.622817993164062    33476.7890625
03811    111.47871398925781    32514.029296875
03814    41.148868560791016    6497.47998046875
03815    76.70039367675781    17168.599609375
03819    62.78702926635742    30653.30078125
03843    148.6113739013672    82364.453125
03853    24.39506721496582    11303.25
03860    238.57861328125    146400.25
03864    50.104339599609375    95212.015625
03866    91.10406494140625    15258.0302734375
03869    36.63566970825195    13698.669921875
03870    228.04440307617188    76583.0625
03871    62.06352233886719    23714.607421875
03875    72.256103515625    15968.5078125
03879    82.76036834716797    25385.453125
03886    43.88459396362305    15997.859375
03891    182.70594787597656    59362.76171875
03892    63.353912353515625    14035.26953125
03893    304.0897216796875    200917.59375
03899    19.05275535583496    39405.7109375
03900    46.82024383544922    43122.828125
03901    22.51183319091797    21082.810546875
03905    153.39715576171875    61261.49609375
03906    118.75456237792969    45826.2421875
03908    20.524139404296875    5384.5703125
03909    67.82402801513672    28749.19140625
03911    21.19058609008789    20216.55859375
03912    152.20228576660156    66055.203125
03913    137.458984375    136886.890625
03916    118.38565826416016    84835.8828125
03917    57.97626876831055    69737.828125
03918    111.7922592163086    123051.546875
03924    32.1546745300293    5716.19091796875
03929    212.69107055664062    109870.609375
03936    130.44142150878906    37071.84375
03938    65.516357421875    38139.9921875
03954    199.35069274902344    74889.0859375
04039    248.3037872314453    168505.75
04146    58.373313903808594    34591.859375
04157    117.05025482177734    50037.3671875
04216    64.8122329711914    32147.58984375
04312    154.37754821777344    37165.07421875
04350    139.93536376953125    109307.125
04368    1254.7109375    1765929.875
04388    22.618812561035156    25074.16796875
04556    297.5613098144531    119851.1953125
04569    38.262176513671875    60275.7578125
04653    29.816478729248047    20218.0
04701    239.83201599121094    189959.125
04710    76.16056823730469    19244.580078125
04814    96.248291015625    21431.125
04939    63.801902770996094    25897.12109375
04959    16.53795623779297    20061.439453125
05080    81.0233383178711    28696.0703125
05255    79.64368438720703    45177.359375
05304    506.8119201660156    400291.5625
05305    28.98639488220215    53469.546875
05379    55.603424072265625    19021.78125
05387    83.28369903564453    50124.98046875
05389    137.84127807617188    75772.8828125
05407    35.13585662841797    69561.90625
05409    102.97364044189453    87712.765625
05411    57.26321029663086    18416.509765625
05412    95.43993377685547    99541.71875
05415    88.58431243896484    37991.8828125
05416    72.37602996826172    32391.611328125
05417    216.58103942871094    71349.4140625
05419    94.92070007324219    42400.48828125
05421    101.91610717773438    172893.3125
05428    22.55674934387207    14566.220703125
05433    101.7718276977539    32043.12109375
05434    40.29634475708008    13812.7900390625
05439    67.04418182373047    8388.0390625
05447    156.37887573242188    63274.609375
05450    142.5137481689453    68774.703125
05451    174.83726501464844    67448.1328125
05454    54.76327896118164    34781.7109375
05456    52.006221771240234    9276.640625
05463    47.96821212768555    60340.05859375
05464    89.53742980957031    38336.11328125
05465    63.360694885253906    155253.421875
05466    21.24226188659668    42049.5703125
05470    127.24280548095703    32796.26171875
05472    58.947425842285156    25760.421875
05473    154.40347290039062    118963.828125
05474    70.97869110107422    33356.9296875
05475    55.90369415283203    36122.16015625
05476    89.99285888671875    42516.5
05477    304.02001953125    110950.796875
05478    73.55038452148438    133605.9375
05479    119.79776763916016    98740.796875
05480    69.1857681274414    44026.0390625
05482    43.28375244140625    62082.87109375
05483    21.3310489654541    5601.89013671875
05484    96.99596405029297    39164.12890625
05486    441.0863952636719    534383.875
05489    329.489990234375    215069.859375
05492    42.769676208496094    16794.47265625
05493    52.81032943725586    44357.34375
05495    59.96721267700195    17644.7578125
05497    49.825225830078125    39960.03125
05503    20.049570083618164    18423.9609375
05504    36.15598678588867    8565.880859375
05510    15.731767654418945    30456.009765625
05515    39.348323822021484    30379.33984375
05517    62.617088317871094    16355.7392578125
05518    119.97435760498047    44234.828125
05523    103.63174438476562    48498.39453125
05524    24.354400634765625    15368.009765625
05526    151.0558624267578    114463.375
05530    156.34127807617188    47523.2109375
05531    108.7057113647461    46798.6796875
05539    46.431800842285156    19484.220703125
05540    30.37417984008789    28051.341796875
05541    67.21160125732422    22168.150390625
05542    70.3658447265625    65804.609375
05545    63.768638610839844    15411.720703125
05548    113.91632843017578    145800.0
05551    75.2464599609375    70999.3984375
05554    83.6306381225586    43277.421875
05555    46.28006362915039    35773.26953125
05563    177.93841552734375    40357.7578125
05565    27.964975357055664    5981.0205078125
05566    80.59148406982422    50265.140625
05567    314.8697509765625    122610.984375
05568    269.8971862792969    105715.1796875
05569    41.46223831176758    20858.58203125
05571    39.152950286865234    5652.669921875
05572    31.651599884033203    12099.6396484375
05574    81.40741729736328    62674.8203125
05575    171.5172119140625    77530.1484375
05585    75.76229095458984    108594.203125
05589    38.12753677368164    40084.9296875
05590    55.71141815185547    30704.66015625
05591    258.9398498535156    288203.6875
05593    118.89962005615234    49795.33984375
05597    103.99188232421875    55876.96875
05601    179.4651641845703    83622.8984375
05603    53.0977783203125    28949.55078125
05604    131.85015869140625    63122.3828125
05606    148.24317932128906    81812.4609375
05610    21.667034149169922    40090.6796875
05612    31.481801986694336    33240.8984375
05614    1085.31689453125    1218477.625
05617    162.73068237304688    96815.796875
05621    343.1522216796875    173967.3125
05622    58.581321716308594    69660.734375
05624    71.87937927246094    30171.66015625
05626    40.84107208251953    85163.390625
05628    231.0264892578125    86478.1953125
05632    72.7015609741211    38952.6796875
05635    15.976807594299316    18295.37890625
05637    68.28392028808594    24657.908203125
05640    29.483646392822266    10801.140625
05644    143.09523010253906    40212.45703125
05645    57.25098419189453    25217.51171875
05646    33.36098861694336    35816.578125
05648    30.348237991333008    26437.66015625
05654    432.4576721191406    460446.78125
05655    19.63273811340332    17964.390625
05667    42.42015838623047    23059.28125
05693    49.31718826293945    76560.8359375
05704    260.69378662109375    101127.234375
05706    94.4766616821289    59436.55078125
05711    264.9635314941406    79680.203125
05713    30.62384796142578    18212.26953125
05715    48.23493576049805    19359.529296875
05716    30.43526840209961    23024.990234375
05719    53.54617691040039    15061.3603515625
05723    42.36756134033203    92037.546875
05725    78.44042205810547    57641.65625
05726    140.29441833496094    43542.45703125
05729    223.3605194091797    198775.96875
05731    148.48594665527344    129248.5
05736    17.31125259399414    28355.580078125
05773    561.7622680664062    551985.875
05867    59.347225189208984    23524.029296875
05955    64.70391082763672    13594.599609375
05983    20.341533660888672    12679.5
05989    336.1083068847656    254143.96875
05995    493.2536315917969    357734.3125
06004    90.09346008300781    55461.640625
06082    67.0615463256836    19096.01171875
06083    47.912574768066406    19704.140625
06090    114.26488494873047    33972.48046875
06096    24.59699058532715    3545.949951171875
06098    71.73726654052734    24170.19921875
06100    425.46160888671875    228263.96875
06101    74.67362213134766    40147.19921875
06102    21.339235305786133    24695.5390625
06103    107.47445678710938    82180.5859375
06109    24.049291610717773    35122.30859375
06111    73.45413970947266    34783.87109375
06113    100.2249755859375    20903.048828125
06115    161.04788208007812    208964.65625
06118    22.234947204589844    28315.359375
06119    47.12738037109375    107642.8046875
06124    623.4657592773438    494189.625
06125    79.36253356933594    152537.3125
06128    64.84379577636719    52885.1640625
06135    17.854276657104492    -38122.31640625
06141    17.59233283996582    10703.2998046875
06147    75.1036148071289    45750.26953125
06158    26.734342575073242    3561.549560546875
06159    170.09982299804688    151210.609375
06165    53.93874740600586    42432.87890625
06167    114.3982925415039    98973.84375
06168    451.3838806152344    323066.0625
06176    18.125797271728516    35470.6484375
06182    23.831607818603516    2026.919921875
06186    54.897701263427734    28470.060546875
06188    57.68543243408203    163864.453125
06189    49.339168548583984    16324.927734375
06190    35.52394485473633    22749.169921875
06194    106.98606872558594    67123.5859375
06198    648.1226196289062    481162.09375
06206    56.30882263183594    6730.4208984375
06216    68.3792953491211    14240.720703125
06225    45.596431732177734    15378.26953125
06226    155.96604919433594    96809.453125
06229    119.07164764404297    65332.8359375
06234    15.835762977600098    16953.169921875
06242    47.21733856201172    32817.55078125
06243    16.281919479370117    9621.5
06244    45.724266052246094    59534.71875
06249    124.92200469970703    114823.0546875
06251    71.01542663574219    16139.470703125
06266    231.13258361816406    176074.53125
06269    15.096830368041992    32764.94921875
06270    17.318744659423828    44133.875
06272    171.7842254638672    202782.515625
06273    52.601192474365234    30827.720703125
06274    290.9884948730469    265071.09375
06279    81.41022491455078    49796.78125
06280    122.72908782958984    114410.296875
06283    59.740325927734375    92163.5390625
06285    28.245540618896484    59533.1328125
06288    67.93449401855469    22618.580078125
06292    22.808494567871094    3238.90966796875
06295    48.25094223022461    65507.62109375
06303    162.5553436279297    87567.1875
06304    26.225526809692383    13435.83984375
06306    30.869022369384766    33790.96875
06319    33.40825653076172    19493.55078125
06320    50.771976470947266    137370.234375
06321    109.7527847290039    29350.73828125
06322    72.37351989746094    19332.138671875
06323    23.914052963256836    12334.779296875
06328    35.7182502746582    65408.94140625
06329    349.8994140625    268064.46875
06335    100.64171600341797    123466.171875
06336    272.2777099609375    105223.421875
06337    50.189029693603516    48376.84765625
06346    82.43871307373047    87215.40625
06349    136.49887084960938    125473.625
06353    293.6410217285156    414345.25
06369    35.27054214477539    20005.01953125
06375    27.6005802154541    14698.880859375
06380    126.3392333984375    115906.265625
06390    56.03834533691406    30198.708984375
06396    36.158565521240234    105467.9921875
06397    263.8730773925781    181856.359375
06399    45.96985626220703    16622.021484375
06400    44.48047637939453    17083.25
06405    19.609416961669922    39467.4921875
06409    33.85641098022461    13160.0703125
06413    73.9742660522461    25437.181640625
06414    126.14506530761719    76662.4765625
06422    221.2642059326172    81783.75
06427    19.87716293334961    1322.8299560546875
06432    32.21366500854492    16480.2109375
06436    59.396018981933594    6140.64013671875
06440    62.84718704223633    25321.080078125
06443    15.411495208740234    2520.93994140625
06444    22.785985946655273    54664.44140625
06446    39.17341613769531    33429.359375
06448    24.859106063842773    52426.6875
06451    124.04808044433594    44820.05859375
06453    430.51446533203125    536344.5
06454    188.9073944091797    573131.5
06472    598.55859375    1031215.8125
06488    28.086360931396484    -55552.58984375
06489    196.07875061035156    152982.09375
06490    44.06838607788086    41071.9609375
06498    43.91816711425781    58310.95703125
06504    123.97864532470703    68603.5859375
06519    25.466148376464844    23142.3203125
06520    22.30120277404785    32234.4921875
06521    70.27631378173828    53478.359375
06522    15.922504425048828    33458.33984375
06523    54.73430252075195    45017.96875
06525    223.8267059326172    227451.453125
06528    118.64862823486328    49666.765625
06533    126.27438354492188    82216.109375
06536    19.024700164794922    43044.28125
06538    39.00004577636719    18795.0390625
06539    95.90079498291016    44338.078125
06544    58.14512634277344    29215.279296875
06546    64.14664459228516    14502.509765625
06550    23.282527923583984    47089.34765625
06551    15.694170951843262    32943.76171875
06552    35.39667892456055    17658.1796875
06554    66.26053619384766    23079.16015625
06557    46.96843338012695    58791.984375
06560    228.4252166748047    176597.3125
06564    77.7848892211914    33514.05078125
06566    69.25794219970703    62918.75
06576    402.98004150390625    429222.75
06577    19.484567642211914    42876.16796875
06578    38.21773910522461    37280.6328125
06579    39.11317825317383    8838.2099609375
06580    44.13521957397461    6274.7998046875
06582    44.090511322021484    14157.009765625
06583    56.18191146850586    28048.890625
06585    59.04525375366211    24920.73046875
06587    753.4628295898438    758213.0
06590    52.11159896850586    60913.078125
06592    53.34671401977539    35478.26953125
06593    362.69439697265625    334056.0
06598    86.9728775024414    41678.859375
06600    36.545108795166016    10029.208984375
06601    22.836915969848633    42558.28125
06602    56.9066047668457    31779.119140625
06605    133.81504821777344    56080.65625
06610    73.62712097167969    51273.2578125
06611    39.0828857421875    13823.58984375
06615    287.0898132324219    318727.75
06619    72.03904724121094    54216.08984375
06620    43.595088958740234    51895.76953125
06621    159.13510131835938    50570.0703125
06622    51.190067291259766    137988.5625
06625    123.10269927978516    72836.1640625
06629    193.63980102539062    377833.125
06630    351.5799255371094    179842.546875
06638    33.76945495605469    7312.759765625
06641    37.128639221191406    4201.41015625
06642    132.24864196777344    146390.546875
06648    25.138093948364258    26858.19921875
06649    23.111328125    7528.65966796875
06655    63.907447814941406    44893.23046875
06657    89.6147232055664    65000.3515625
06658    23.734516143798828    7139.10986328125
06665    530.9769287109375    384965.5
06666    29.52326202392578    67473.6484375
06670    34.71165084838867    24187.12109375
06672    183.86361694335938    73235.46875
06674    57.35145950317383    49293.7578125
06676    40.31740188598633    11064.369140625
06683    107.8667984008789    32548.1484375
06694    146.72984313964844    85144.25
06698    19.950672149658203    41550.12109375
06702    51.23631286621094    42628.578125
06707    79.36813354492188    42886.109375
06708    50.95782470703125    13771.240234375
06720    15.505485534667969    25327.880859375
06745    43.07499313354492    51505.1953125
06762    41.98646545410156    15708.1787109375
06763    115.84691619873047    81642.8515625
06764    157.2168731689453    81004.3828125
06767    40.128536224365234    61978.421875
06802    48.67259216308594    26143.26953125
06814    106.05546569824219    32183.48828125
06816    112.00452423095703    88198.15625
06824    53.921695709228516    8062.9306640625
06830    46.945648193359375    17613.0390625
06877    114.06512451171875    51269.0625
06880    38.8704948425293    11883.69921875
06882    44.57344436645508    22947.03125
06884    30.072343826293945    11794.1201171875
06891    182.2442169189453    153193.34375
06892    95.80720520019531    113699.7890625
06903    53.0438346862793    85879.953125
06904    240.6588134765625    69130.609375
06914    30.028480529785156    27867.16796875
06917    51.89826965332031    13457.6796875
06930    88.19282531738281    68103.34375
06935    68.83924102783203    54111.70703125
06938    45.323726654052734    21849.62109375
06963    398.99078369140625    262104.765625
06989    43.515132904052734    71596.1875
07000    35.630821228027344    25277.390625
07028    124.36345672607422    59862.21875
07064    44.48762893676758    17871.16015625
07087    84.71224975585938    49138.609375
07108    15.73849868774414    19397.01171875
07110    32.21140670776367    33340.8984375
07113    1385.5025634765625    2279871.75
07116    34.50382614135742    8871.05078125
07147    61.51991271972656    33342.7421875
07164    17.482446670532227    5302.24951171875
07167    31.937400817871094    22088.849609375
07172    116.97561645507812    26145.4296875
07178    25.979461669921875    18178.78125
07183    29.994407653808594    8916.2099609375
07185    154.38589477539062    215175.03125
07187    28.450254440307617    2163.949951171875
07206    41.699554443359375    12884.259765625
07207    77.89606475830078    44365.94921875
07209    60.3119010925293    24591.1484375
07213    36.26818084716797    29426.80859375
07219    124.2784194946289    131378.1875
07228    51.2872428894043    57690.1953125
07230    77.55992889404297    37429.7890625
07240    99.24701690673828    23546.841796875
07247    296.0649108886719    331429.0625
07250    97.74443817138672    92132.515625
07255    213.3371124267578    95569.125
07263    43.262168884277344    13165.208984375
07290    68.54207611083984    10395.919921875
07293    168.07366943359375    112303.671875
07295    117.92289733886719    59805.203125
07298    54.91410827636719    17483.951171875
07301    1174.1627197265625    2793548.25
07305    85.25784301757812    14887.1796875
07310    147.5780029296875    204440.78125
07319    87.68436431884766    61913.61328125
07322    40.33113098144531    16763.62109375
07328    92.52299499511719    83068.640625
07329    117.31564331054688    28375.7109375
07335    28.394271850585938    16050.12890625
07343    963.244873046875    1352777.25
07357    25.437095642089844    14640.75
07358    35.6880989074707    14363.9296875
07360    412.0732421875    441679.625
07369    58.79902267456055    63725.0859375
07374    121.21076965332031    37498.3046875
07376    24.82223892211914    58251.390625
07379    53.353633880615234    34212.328125
07387    38.54946517944336    83568.953125
07390    161.85411071777344    174591.71875
07403    96.27535247802734    67862.40625
07404    30.516366958618164    17796.798828125
07429    160.3939208984375    89877.8828125
07430    22.959074020385742    2677.369873046875
07433    31.419466018676758    17326.138671875
07446    158.54302978515625    38183.5546875
07452    27.026208877563477    57004.27734375
07455    18.73915672302246    1301.81005859375
07457    60.76752471923828    43333.75
07460    15.884452819824219    35494.91015625
07464    287.5812683105469    178032.109375
07469    95.44933319091797    42626.3671875
07475    272.4832458496094    189660.421875
07477    160.79322814941406    173165.265625
07481    45.418025970458984    18288.369140625
07486    39.40962600708008    13266.109375
07487    50.312740325927734    16879.83984375
07488    69.9660415649414    25816.080078125
07491    888.50634765625    1183708.875
07493    32.66414260864258    44492.1484375
07494    60.451576232910156    14746.4501953125
07496    17.981985092163086    40109.76953125
07497    96.34593200683594    62692.328125
07500    26.555953979492188    17913.94921875
07502    93.98088073730469    94605.875
07503    204.42478942871094    220457.484375
07504    71.70426177978516    25029.849609375
07509    21.086145401000977    44907.1171875
07515    164.78927612304688    108800.265625
07518    87.02008056640625    35990.671875
07520    194.0288848876953    146291.859375
07527    349.29986572265625    216797.71875
07528    35.86925506591797    19604.390625
07529    108.83586883544922    23196.458984375
07530    147.7665252685547    37024.8984375
07548    110.87120819091797    38482.5234375
07549    744.6433715820312    1175708.375
07550    107.00043487548828    31538.6796875
07551    36.395015716552734    23344.328125
07552    34.28651809692383    17572.44140625
07559    18.416276931762695    2862.56005859375
07560    249.81886291503906    255674.53125
07566    22.25664710998535    49877.5625
07567    51.054237365722656    12218.7783203125
07573    43.913944244384766    12432.51953125
07575    740.4730224609375    812312.25
07579    20.473350524902344    47954.7578125
07580    31.089111328125    13149.83984375
07588    115.35069274902344    53248.70703125
07597    23.142200469970703    12473.6201171875
07598    125.65133666992188    55233.859375
07599    28.303503036499023    3278.679931640625
07603    17.22710609436035    37249.71875
07607    106.08248138427734    116803.625
07608    34.934104919433594    47718.0703125
07609    48.73735046386719    71430.1953125
07614    74.44874572753906    46587.796875
07615    20.245990753173828    40466.6484375
07617    58.9415397644043    45133.7109375
07625    31.551340103149414    80419.7734375
07630    51.90509796142578    25520.162109375
07635    23.557964324951172    30492.6640625
07638    82.06000518798828    33649.921875
07642    22.761539459228516    24047.73046875
07645    35.0462760925293    64112.3203125
07648    105.29857635498047    53008.05078125
07654    36.168113708496094    82604.671875
07656    25.129302978515625    20919.76953125
07657    122.90919494628906    63385.359375
07660    118.22950744628906    193155.96875
07677    19.654245376586914    39550.6484375
07678    607.6773071289062    786147.375
07683    22.696813583374023    33193.046875
07684    47.19586181640625    32073.31640625
07688    208.33065795898438    291285.0
07695    445.8864440917969    313011.8125
07701    71.51251220703125    21344.41015625
07703    64.11222839355469    67813.03125
07705    35.13587188720703    50939.828125
07707    41.51604461669922    46732.90234375
07711    144.03465270996094    55531.3828125
07727    134.77743530273438    71973.96875
07729    41.31315231323242    26440.7421875
07744    139.33700561523438    102758.3671875
07750    64.75055694580078    20852.580078125
07752    68.93051147460938    22693.73046875
07753    38.2043342590332    7396.59130859375
07762    79.67770385742188    40794.75
07766    282.1587219238281    195667.484375
07769    70.03999328613281    91582.3203125
07775    40.42645263671875    3851.389892578125
07781    107.8124008178711    19576.994140625
07785    140.88540649414062    110165.96875
07786    66.23872375488281    18801.5703125
07788    168.3296356201172    162514.03125
07790    60.45256423950195    78795.828125
07794    236.31309509277344    320067.59375
07795    31.866086959838867    12805.9697265625
07803    45.574642181396484    11099.6904296875
07810    110.2764663696289    48023.640625
07818    55.93332290649414    29270.2890625
07822    136.3564453125    53474.23046875
07831    61.40044021606445    38085.328125
07838    45.47966384887695    36218.41015625
07840    156.19871520996094    89138.359375
07841    52.70525360107422    19680.810546875
07843    53.534629821777344    20192.80078125
07845    93.91059112548828    57031.64453125
07854    291.00799560546875    290294.75
07858    139.3313751220703    73480.421875
07862    26.798913955688477    5178.5205078125
07868    225.46499633789062    263547.5
07872    21.01165008544922    14553.470703125
07884    280.27313232421875    192336.4375
07886    45.38887023925781    17097.970703125
07900    48.04951095581055    38084.3984375
07902    16.852401733398438    34367.1328125
07903    45.476497650146484    8872.7998046875
07906    1116.33837890625    1368756.875
07923    41.075313568115234    17387.80859375
07929    324.27606201171875    201954.890625
07932    214.779052734375    247384.015625
07934    17.714807510375977    18164.580078125
07938    83.35419464111328    124796.3984375
07942    21.71516990661621    11030.4892578125
07943    44.69893264770508    7633.68994140625
07954    463.9425964355469    315448.71875
07965    116.33013153076172    32522.501953125
07968    47.217124938964844    26468.7109375
07969    165.7760772705078    89882.765625
07973    39.32691955566406    85470.3125
07976    200.3507843017578    222110.8125
07984    124.70415496826172    53212.1640625
07987    117.37005615234375    27920.689453125
07989    63.539974212646484    16573.609375
07994    302.69970703125    206594.46875
07997    62.52174377441406    26017.650390625
07998    90.30699920654297    32194.390625
08001    59.031734466552734    145851.546875
08004    33.70341873168945    38620.33203125
08008    406.43157958984375    250770.640625
08009    24.4080867767334    10808.4609375
08012    56.93148422241211    23574.30859375
08019    73.7266616821289    32015.421875
08022    120.82188415527344    53112.3671875
08026    86.13092803955078    174185.78125
08030    130.00332641601562    66017.828125
08036    59.9136848449707    41136.2421875
08039    21.31930160522461    37257.8125
08049    205.57362365722656    166103.0
08050    84.64128875732422    16458.859375
08054    21.082822799682617    42631.12109375
08059    51.56260681152344    13992.7705078125
08062    21.119821548461914    24487.951171875
08063    116.0988998413086    42634.05859375
08064    71.07434844970703    90811.453125
08066    39.281410217285156    7892.19921875
08073    44.44432830810547    9737.919921875
08075    193.7456512451172    109010.40625
08079    19.282236099243164    2115.97998046875
08082    17.996145248413086    8244.349609375
08084    171.85769653320312    188545.84375
08085    63.80776596069336    15297.4697265625
08086    91.65409088134766    32013.19921875
08087    145.5485382080078    195674.09375
08098    170.33416748046875    220557.15625
08099    178.8575897216797    56841.734375
08101    195.68048095703125    278052.96875
08105    31.21673583984375    9557.150390625
08110    68.82231903076172    22265.779296875
08111    137.83038330078125    56203.9375
08112    18.05691909790039    28384.37109375
08116    112.00360107421875    325443.0625
08121    115.04105377197266    85035.671875
